0
0  0  0  0  0  0  0  0  0  0  0  0  0  0  0  0  0  0  0  0  0  0  0  0  0  0  0  0  0  0  0  0  0  0  0  0  0  0  0  0  0  0  0  0  0  0  0  0  0  0  0  0  0  0  0  0  0  0  0  0  0  0  0  0  0  0  0  0  0  0  0  0

400
0.20308           0     0.20308           0  1.6996e-17    -0.27757    -0.37416 -4.5822e-17    -0.37416 -4.5822e-17 -9.1373e-17     0.49741     0.65214  1.5973e-16     0.65214  1.5973e-16  2.5815e-16    -0.84319     -1.0752 -3.9502e-16     -1.0752 -3.9502e-16 -5.7955e-16      1.3521      1.6769  8.2144e-16      1.6769  8.2144e-16  1.1303e-15      -2.051      -2.474 -1.5149e-15      -2.474 -1.5149e-15 -7.2102e-15       2.943      3.4527   2.537e-15      3.4527   2.537e-15 -3.9163e-15     -3.9948     -4.5583 -3.9076e-15     -4.5583 -3.9076e-15 -1.3823e-14      5.1294      5.6926  5.5771e-15      5.6926  5.5771e-15 -4.5819e-15     -6.2304      -6.725 -7.4122e-15      -6.725 -7.4122e-15 -2.1045e-14      7.1587      7.5153  9.2036e-15      7.5153  9.2036e-15 -3.8163e-15     -7.7808     -7.9446 -3.8927e-14     -7.9446 -3.8927e-14 -2.5478e-14           8      7.9446  1.1675e-14      7.9446  1.1675e-14 -1.9106e-15     -7.7808     -7.5153  1.4735e-14     -7.5153  1.4735e-14 -2.4552e-14      7.1587       6.725   1.153e-14       6.725   1.153e-14 -3.8565e-18     -6.2304     -5.6926 -3.0681e-14     -5.6926 -3.0681e-14 -1.8848e-14      5.1294      4.5583  8.9316e-15      4.5583  8.9316e-15  9.7597e-16     -3.9948     -3.4527  5.0783e-15     -3.4527  5.0783e-15 -1.1535e-14       2.943       2.474  5.4536e-15       2.474  5.4536e-15  1.0034e-15      -2.051     -1.6769 -9.8594e-15     -1.6769 -9.8594e-15 -5.6307e-15      1.3521      1.0752  2.6335e-15      1.0752  2.6335e-15  6.6103e-15    -0.84319    -0.65214  6.3972e-16    -0.65214  6.3972e-16 -2.1933e-15     0.49741     0.37416  3.6667e-15     0.37416  3.6667e-15  2.7177e-16    -0.27757    -0.20308 -1.2935e-15    -0.20308 -1.2935e-15  3.5916e-16     0.14653

410
0.20308           0     0.20308           0  1.6996e-17    -0.27757    -0.37416 -4.5822e-17    -0.37416 -4.5822e-17 -9.1373e-17     0.49741     0.65214  1.5973e-16     0.65214  1.5973e-16  2.5815e-16    -0.84319     -1.0752 -3.9502e-16     -1.0752 -3.9502e-16 -5.7955e-16      1.3521      1.6769  8.2144e-16      1.6769  8.2144e-16  1.1303e-15      -2.051      -2.474 -1.5149e-15      -2.474 -1.5149e-15 -7.2102e-15       2.943      3.4527   2.537e-15      3.4527   2.537e-15 -3.9163e-15     -3.9948     -4.5583 -3.9076e-15     -4.5583 -3.9076e-15 -1.3823e-14      5.1294      5.6926  5.5771e-15      5.6926  5.5771e-15 -4.5819e-15     -6.2304      -6.725 -7.4122e-15      -6.725 -7.4122e-15 -2.1045e-14      7.1587      7.5153  9.2036e-15      7.5153  9.2036e-15 -3.8163e-15     -7.7808     -7.9446 -3.8927e-14     -7.9446 -3.8927e-14 -2.5478e-14           8      7.9446  1.1675e-14      7.9446  1.1675e-14 -1.9106e-15     -7.7808     -7.5153  1.4735e-14     -7.5153  1.4735e-14 -2.4552e-14      7.1587       6.725   1.153e-14       6.725   1.153e-14 -3.8565e-18     -6.2304     -5.6926 -3.0681e-14     -5.6926 -3.0681e-14 -1.8848e-14      5.1294      4.5583  8.9316e-15      4.5583  8.9316e-15  9.7597e-16     -3.9948     -3.4527  5.0783e-15     -3.4527  5.0783e-15 -1.1535e-14       2.943       2.474  5.4536e-15       2.474  5.4536e-15  1.0034e-15      -2.051     -1.6769 -9.8594e-15     -1.6769 -9.8594e-15 -5.6307e-15      1.3521      1.0752  2.6335e-15      1.0752  2.6335e-15  6.6103e-15    -0.84319    -0.65214  6.3972e-16    -0.65214  6.3972e-16 -2.1933e-15     0.49741     0.37416  3.6667e-15     0.37416  3.6667e-15  2.7177e-16    -0.27757    -0.20308 -1.2935e-15    -0.20308 -1.2935e-15  3.5916e-16     0.14653

810
0  0  0  0  0  0  0  0  0  0  0  0  0  0  0  0  0  0  0  0  0  0  0  0  0  0  0  0  0  0  0  0  0  0  0  0  0  0  0  0  0  0  0  0  0  0  0  0  0  0  0  0  0  0  0  0  0  0  0  0  0  0  0  0  0  0  0  0  0  0  0  0

811
0  0  0  0  0  0  0  0  0  0  0  0  0  0  0  0  0  0  0  0  0  0  0  0  0  0  0  0  0  0  0  0  0  0  0  0  0  0  0  0  0  0  0  0  0  0  0  0  0  0  0  0  0  0  0  0  0  0  0  0  0  0  0  0  0  0  0  0  0  0  0  0

